5 0.140523 0.142157 0.202614 0.202614
5 0.382353 0.139706 0.225490 0.200980
5 0.621732 0.142974 0.112745 0.207516
5 0.867647 0.138889 0.160131 0.199346
5 0.127451 0.388072 0.235294 0.210784
5 0.383170 0.379902 0.210784 0.187908
5 0.633170 0.382353 0.214052 0.209150
5 0.860294 0.379085 0.148693 0.205882
5 0.141340 0.625000 0.155229 0.204248
5 0.383170 0.621732 0.217320 0.207516
5 0.633987 0.618464 0.143791 0.207516
5 0.859477 0.616830 0.212418 0.184641
5 0.139706 0.858660 0.197712 0.214052
5 0.379085 0.865196 0.169935 0.217320
5 0.611928 0.861928 0.129085 0.210784
5 0.860294 0.862745 0.204248 0.215686
